3778469436
1487241100
8302374350
9282967972
1328289672
3025417722
4257201363
4895198685
4253233112
3128339791
4710736529
9221723143
0681077581
1497293561
5516894484
8341623994
2442572788
5760575678
7520518787
1694732568
6445475884
8968466947
9163224704
2036768105
8081714308
7994750354
9407756025
1867101904
2747962296
0185504205
7068014283
5942327262
8191980320
3995945228
3508059499
6078079271
2306016615
1781588309
8586369276
9393607087
3535351804
8321526810
0263917657
5212673461
0515627372
3326166044
0997160470
5100548932
3249919454
9876146084
8314105821
7304318864
6648672579
9104157990
1037147464
5187218980
3581006294
9740714560
9426807896
2811024123
8829762326
3139988206
2123078042
5909775944
1850197687
9632734777
0225884798
2172346772
4535697043
8967993110
3187594999
1290891699
4261844109
1804843458
3938022450
6353074026
6972474329
7867415955
3750207313
4046288221
0078426499
2466621096
1036170195
8219427922
3176981597
3273277246
5967095799
4530528707
4882185172
5466552909
1012517691
5374300202
7277695968
5087943578
4236567261
7390200197
5950970810
8009283754
9631764966
5147424539
4908604029
4647449262
7781452674
0713229888
4193913198
4409862030
4259416731
8034492264
1307673945
8087587669
2460975198
8639963754
5213231403
6756745980
8813366345
8385557822
6343882219
5858391575
9842961648
5663277714
3315352860
2759458342
8250748344
8174734953
9684449003
7706312011
7030102665
5530438520
1808958055
0318083345
2112488260
5523597120
3949240659
7360863481
4804311173
5053428506
3565010436
5066864989
3441711440
3276052601
6657776950
5037246067
4856973959
3366520426
0791869156
3925214194
7543273535
0608904929
7086566381
4420805749
3845377569
7413749629
9531584788
3926357355
8140915807
2938964900
5160751068
2360439170
8180241610
7662846334
4600262387
4608979965
9115018350
0796708762
3437227297
2006449702
6651747347
9732580526
8942749992
4401652010
1273595033
6792022780
4369739985
5141755371
3376591962
8752038432
5447862833
6639625598
5389041410
3948107734
0336569122
4559418381
8866726222
4260381865
2452054569
1544618026
7060515216
6781307894
9747920832
9437813485
0155602942
7224441694
3669263659
6658328692
6172875450
6130575971
6033307518
6257744652
5006125713
2769316516
5156429424
5704801765
7991471519
2734893827
8938455629
1878105493
1693548186
9374350904
5875050616
3627491408
1552536319
9544042024
8744641885
4459843811
7969079970
4249128725
5796535145
5829434008
6170402520
9617648717
3547494451
9851461474
7366622400
8286930703
8355058747
5899081376
1365482340
1509793674
4346806473
7123419391
0901507865
1969429844
1104468719
5245893835
3437868667
4890076301
7373114407
5942655138
2606579607
0994452640
2569952036
4317405334
0757037224
6831421733
9821115020
3375769725
3212238690
2266384767
6268515269
6225030468
8359335761
7404875188
6718021237
7667990204
9763538564
1975061624
8832550997
0805593225
1907248765
9399026116
0895146967
3865448402
3172882799
9405079476
0379746263
4105816772
1856022250
0643694005
2946246264
4192006782
8420122858
1759709166
9776415172
4464708471
3915806803
2491592975
3753500275
5467240838
4516250071
9049095569
1028962398
9436754027
4152943238
5818646483
1842887858
9298882203
2837288241
2748875087
1425456995
3089429365
2969590107
2548916103
2285231555
9900203038
6691374037
0085949744
0381329216
2789937486
3060672881
7327923713
6113325717
1730845347
9962737877
7971655940
9839402919
0282174044
5842499606
0147385296
1828436925
5257642662
4882932520
0699938058
8769438080
8201884485
2436554609
7541733253
0613226305
8779655963
7136967635
4055049684
5000795547
7338814147
7253722272
3529194859
1893992098
4235374893
0694403105
9572531506
5255692123
1998009483
0738378984
1118941330
7926983217
6686055344
7900287124
5497582710
9289029404
6335292041
3069521592
1911696297
6834709614
5933212733
2207034178
4962278304
9500654318
1588406326
2078591076
0962906905
2033663736
1636177751
0944593518
7119896024
3315960577
0442812493
8243309934
6283050581
9739837352
9770286672
6699616552
4792884446
7399733414
3198677750
8130650827
4722943494
0445387246
9491644645
6267768333
1009099043
3772893260
4106406020
2432448707
5887475900
1084621754
9349016907
2478200562
9501421600
0070102600
9070182149
0013839519
7370646475
4436653676
1940341310
3465008146
4778324552
1086193512
5779947643
4777539539
8953911826
1491388897
1967016259
0831459387
6227098604
0954313267
7954237818
4864213437
2782253638
8563717391
1444624199
3617586341
4761666838
0334640172
3621398643
7076786079
8239884725
8411987175
4524576967
9381828423
5708911964
3820034285
3858181048
0257968598
2430334399
3438520591
2968667440
9501448800
8400260759
4037808994
2592946675
7059375899
1595630783
2072644801
4661370163
3729371614
2430960346
9891084752
0511740018
1769561978
5183234205
5255926167
4476386822
2104344654
8761817589
4635290689
3882612797
2025780524
6459132844
4676146663
1262232961
1960516205
5468472309
0251415376
3075618632
6001746176
5390713656
5587021599
0853361401
8150686282
4309772269
7146208486
3381028723
1187075035
4137327637
3751135677
9624871728
0792453980
2694670458
7758613969
7863287928
4612740831
3348403707
2614566500
5554229840
1821690672
7311658497
4577145111
6576955987
7501250243
8304535610
7978900592
1970592168
3922074111
8622838765
8259027151
9814715506
5232162144
9450267987
5876542148
9650492216
4230002769
5570244522
6374107209
8094205822
0199443440
7669601450
3896443178
2214109285
7533358244
6011119808
2048668860
7028694917
5942536260
4596252521
8361547606
8596822313
9850582928
5268290606
0290107946
9030854405
1062854438
4345882842
9647058241
7865563108
4069263047
9564239052
8033259531
9363075176
2720529958
6095948568
0544661818
4404643683
5153912035
1589562976
4471889532
1008460109
7048609370
0630849439
0085453250
4416772556
3685515063
5324002747
7541021784
7577283193
3649856530
4822789829
2361627663
1267201916
3250148695
9929673725
2127853709
4821144735
8892432613
4710036462
4143827263
5623304184
2206570858
9672976259
4073760041
5998904869
9306755090
2236647972
4444785926
0503461636
8113411860
7382793907
0130946257
7573000944
3122522071
4522510349
3678807496
4625843278
4417943257
9918834803
9155373003
8032584129
9082985233
4166127772
4949412337
2598956370
5410030346
7743207676
2161589261
5441298790
8694697599
2709716100
7613293858
5049454689
3503026193
2254515276
9757277495
7911061963
2423549407
2432354842
8314906247
7595235987
4652832451
4130477943
7689299393
2738932797
9756354364
2484283822
3625004356
4063144860
0402563883
9846845464
7180810827
1379672287
3746992427
4256808159
0339079932
4854208848
8527214288
5629185101
1563575396
3324175186
2450880607
1116724375
5998303253
3203036460
9637260447
4734083940
3667081847
6595748487
5713893324
6415454277
0178929662
7159386949
4080870949
9072978706
3014865281
9677573616
3617618987
5049312353
7190420630
4418480099
0422284432
3091891526
6068016714
6992832808
9529909225
2374382907
7046064903
7778429772
9651710470
4221944889
3537866046
6906958704
0275011453
1092543902
0017969522
2609529759
4420287659
4483159208
5079026049
3333153734
4936271187
4675004830
1013081544
1267224940
1398103187
7633616113
1197014268
4415143199
9699871083
7665487890
8289337639
8504874060
4883729737
0077719093
5735574817
0948231297
7695771686
6472934746
4122449901
5886194673
1371818029
1502989492
7710047017
5829762153
6370252158
8154490242
8546169632
1995033413
6231377210
7158213161
7966016943
8700153494
2399478398
2284424066
4567214722
4489805012
7569311132
4112879415
7259513683
0959602550
5642762672
6805473462
4139486406
3597656005
9221773892
3897064170
1559813156
2836256222
0070941114
1762152630
7644479481
8118224031
8111241941
1920087796
8923672092
8664905312
0967073383
5111518967
7217311349
9521976098
5658524164
0529816067
8177577670
9864654233
0545514509
3651563413
7760655584
5329369355
4985139564
6422286511
9688944882
3534997972
3188455062
4471444263
2170505792
3365269045
9049303641
0232449066
3731779625
7999319570
9533543663
2424113971
6515196148
4086453649
2318777799
6746735222
2959920821
9386675099
7558717329
6164840872
0785029591
4914788047
7186626610
2171627921
4509117124
2086614861
3901404678
6868150318
0128419458
2739060084
7794872278
0252708253
5814471727
2460330049
0920718809
9766919690
0254893724
9420530590
6682076037
7127751951
6172959271
2007384302
7243480896
9866584135
4115905611
6084123945
0580257584
3123902463
6603675900
4640014988
7367419390
0211706035
2322710415
1846952980
7465996309
2563849195
6489608103
1974518159
1619515377
2868973086
5472757312
2221071727
0307075966
4410582488
2318626030
2859858091
4234094749
3830371225
9134652876
7598656118
5193977227
7999320668
1927622034
0045685940
9506711666
7046769648
0706574710
4965286170
1879780348
2947274199
5278148314
6388067646
8694916894
9008200104
0222103795
0525270795
0052086097
2387507843
3328566686
1379723973
0472070347
3346575004
5103646048
7668452362
6972880416
8291713871
4153153133
5536036556
7156593129
2530658072
2932552376
5883502237
0264683617
8430668462
3907049896
9905708731
8405341048
4182852575
3203404125
0585645426
9789760345
8478343733
9445748751
9794818186
2672932751
9419356612
7887890861
6176351839
1557073279
9515472865
3387144377
0190219424
3543554220
3963461551
6296584687
4806334634
2646396368
1718175760
7956821509
6831549128
2787359507
5925607317
3691915221
5071861615
8885244556
6456255627
6023471110
6714685424
6876797872
8566072855
6014835830
7456320438
6441132605
4252690102
4292725977
1328557626
5295319733
0857186973
2946359573
1390268322
4367578240
0588010847
4416848447
0644518944
4234368598
4089726409
8340621696
2889149633
1128056135
2046202465
4472672782
1009060287
7865931247
0786951273
5455643460
6455388674
3808785721
1370203705
7223452439
8223530422
8972080098
5126197606
4271190047
1443904570
1440616396
8503406772
7754160501
5252266611
3991069091
8669894491
8150519777
7908224709
4062417197
8580606713
0443958696
3461503762
1314289004
8467313110
5862134107
5435371600
1086570707
8172657749
1654651605
0058849912
7121883449
8538656082
8557081715
8995093838
5503197798
6292638529
2202679731
7568316653
9521733721
3855945624
9865327104
8160013426
1448719593
8107131924
0972954473
2806848431
4186514828
1580451772
8800882420
6678259475
0519699629
2831254825
7700071268
8872308240
4754506162
3085627057
2920683071
8054208790
3033337597
8176931209
1447946707
8267660720
6571006618
8243356487
8712729329
4608207954
1537479865
9185306649
4702516590
0527024163
3736744269
7368605724
0248402722
9703415997
2384011502
5431172425
9361034170
8160454260
7793071263
5690604801
3569546500
6199694252
9537653994
9596525603
3586827040
7546530067
9958467186
4545553893
3322976491
8994164790
8637164978
9349010240
6970368505
1621951979
2918214493
5144832121
9979011327
6012395868
7611357603
7835733188
7113888518
3333686260
0998045365
6742359579
6795900347
1826417095
7779061086
2087735921
5625601887
6211818610
0623445786
3207530931
8165655086
1320499287
4418732152
7421912932
0417460309
4300557861
6879348920
5316046722
4246358452
0111735165
0329608037
1192882334
0100010032
9802500348
6155639787
6731778761
9212102840
9910184370
9513856860
5072875407